nep4_zbl 2 Ag Se 
zbl 1.25 2.5 0.7
cutoff 6 4 59 18
n_max 4 4
basis_size 12 12
l_max 4 2 0 
ANN 50 0
  1.4394867e-04
 -2.9096796e-04
  7.2557500e-06
  6.3044099e-05
 -1.4853761e-04
  2.5408786e-05
 -4.0973264e-05
  3.7769484e-04
  9.6344040e-05
 -3.8134251e-04
 -1.1416933e-04
  8.2858278e-05
 -3.3777434e-04
 -1.0557040e-04
 -5.4806017e-04
 -5.1806644e-05
 -1.1835617e-03
 -1.1307459e-04
  8.2065046e-05
 -2.8776627e-05
 -9.4009665e-06
 -1.3693247e-04
 -8.0812737e-05
 -5.2976143e-04
 -1.8537030e-05
 -6.9258691e-05
  1.4514344e-04
  2.4456618e-04
 -2.6783873e-05
 -2.1881152e-04
  6.6554477e-04
 -7.1803523e-05
 -6.2226551e-05
  8.9843030e-05
 -1.5580998e-04
 -6.7119324e-04
  1.8020699e-05
 -1.8409785e-04
 -2.6829584e-05
  2.6141357e-04
  2.8378898e-04
 -2.4107873e-04
 -9.5887051e-05
 -1.4502487e-04
  7.5945554e-06
 -2.3140728e-04
  1.4797512e-05
  2.2862972e-05
 -9.7365091e-06
 -4.2672161e-04
 -2.4740919e-04
 -1.0913249e-04
 -8.3897125e-05
  9.4480830e-04
 -6.6838402e-05
  1.3866322e-04
 -1.7297134e-04
  2.5199783e-05
  1.8918663e-04
 -1.1825452e-04
  1.1132212e+00
  3.7944853e-02
 -2.7103561e-01
 -1.1364356e-01
  5.9290964e-02
  1.8943849e-01
 -1.2887186e-04
 -7.5163715e-02
  1.5390222e-03
 -5.0013332e-04
  4.4625821e-03
  8.2630634e-02
 -4.7156194e-01
  3.5154812e-02
  1.6655042e-03
 -1.5261082e-01
  2.6023755e-04
 -2.2014149e-03
  5.2364441e-03
  1.1388656e-01
 -9.6961256e-04
  3.5776343e-04
 -1.1080063e-01
  9.0827484e-04
  4.1267136e-03
 -1.6794987e-02
  6.9531094e-04
 -2.8688919e-02
  2.6265607e-04
 -6.9053544e-06
 -3.3369462e-05
  3.0219831e-04
 -1.7175586e-04
 -1.7944937e-04
 -2.6022557e-05
  1.7170743e-05
 -5.3790468e-04
  1.7191170e-04
 -5.4549262e-05
 -5.7881258e-05
  4.4587010e-05
  1.0231281e-04
  1.5596385e-04
  1.7221182e-04
  3.1928401e-04
  1.4302878e-04
 -6.2523053e-05
  1.0989756e-06
  1.6682008e-05
 -6.3019004e-05
  3.8989134e-07
 -1.4719393e-04
 -5.5261498e-05
  1.8950444e-04
 -7.0578331e-05
  5.9937342e-04
  6.8951231e-06
  3.5413737e-05
  5.9085531e-05
  5.9617300e-06
  1.6118875e-05
 -3.9801971e-04
 -3.3535369e-04
  4.0096964e-04
  1.9568278e-04
  3.1279790e-04
  4.4926540e-07
  5.0067883e-06
  9.5906864e-05
 -1.9266913e-04
 -1.8257220e-04
  7.6342483e-05
 -3.1393667e-04
 -8.5687039e-05
  5.0378883e-05
  2.1099782e-05
  3.1776435e-04
  4.7095336e-06
 -6.9508227e-05
 -5.8926169e-05
 -1.6088797e-04
 -2.1058654e-04
 -8.1365622e-05
 -5.3008355e-04
  2.4782616e-04
  2.4381888e-04
  5.7828056e-06
  3.9212633e-04
  1.3542603e-04
  6.4598913e-05
  1.9193000e-04
 -1.7120833e-04
  1.0974240e-04
  1.1369606e-04
 -2.7384633e-05
  2.1932492e-04
 -3.5943736e-05
  2.4870058e-04
 -5.5703847e-04
 -2.3424152e-05
  2.3794961e-04
  3.0521140e-04
  1.2382858e-04
  3.5314632e-05
  8.6582513e-06
  3.2932585e-05
  2.5405665e-04
  1.1537816e-04
 -1.6066188e-04
  3.2156918e-04
  6.5545359e-04
  7.2375602e-05
  5.9377235e-05
 -1.3050280e-04
 -1.2642326e-04
 -7.8757315e-05
  1.7602033e-04
  1.9742420e-01
  8.3151368e-05
 -1.7327008e-04
  2.3965900e-04
  8.1919243e-05
  1.9153210e-04
 -4.3298161e-05
 -1.4946825e-04
 -3.9133189e-05
  9.2166636e-05
  2.2264886e-04
 -4.3399677e-06
 -4.2129461e-05
 -2.3278463e-04
 -3.8544566e-04
 -9.0825751e-02
 -1.1757437e-04
 -9.7307617e-05
 -7.8545045e-04
 -7.7652367e-05
 -2.2367481e-04
  4.3616345e-04
  5.5603951e-04
  1.7073654e-04
 -1.4228214e-05
  4.7771526e-05
 -5.2736810e-05
 -9.1124908e-05
  1.0968406e-04
 -1.7322531e-04
  1.1187344e-04
 -2.3316537e-04
  2.8828314e-05
 -5.8932437e-07
 -2.5887132e-06
  5.6627170e-05
  9.3709838e-05
 -9.6896611e-06
  8.2686756e-06
  5.1416617e-05
  1.8477603e-04
  9.2991839e-05
 -2.7347601e-04
 -9.2346163e-05
 -6.1390820e-05
  1.2443001e-04
 -3.2041062e-05
 -1.3424896e-04
  4.0061283e-04
 -8.4280409e-06
  3.9722054e-05
 -3.6635360e-05
 -7.0862334e-05
  5.2414172e-05
  7.5342039e-05
  6.0077717e-05
  3.7019249e-04
 -5.2809326e-05
  2.2690285e-05
 -9.6070675e-05
 -2.2520685e-04
 -1.1441993e-04
  5.3189382e-05
  2.2187314e-04
 -5.9929991e-04
  7.9161407e-05
  1.5628237e-04
  1.8403576e-04
 -3.8076229e-05
 -3.5862110e-04
 -8.8045799e-06
  2.6949929e-04
 -7.7426499e-05
 -1.4578042e-04
  7.8975805e-05
 -1.2773213e-04
  3.4816781e-04
  4.4608692e-04
  2.0593819e-04
 -1.0715967e-05
  3.7174774e-04
  2.8408199e-04
 -3.5185285e-06
  1.1624988e-04
 -1.6136252e-04
 -1.3098951e-05
 -3.0233632e-04
 -5.9164618e-04
 -9.1262255e-06
 -3.3799667e-04
 -1.9128354e-01
  4.7393175e-04
  1.0981894e-05
  1.4951412e-04
  1.6845667e-04
  1.0556868e-04
 -2.2192713e-05
 -3.7510571e-04
  5.4766038e-05
  4.1891114e-04
 -2.2913526e-05
  2.1800684e-04
 -1.1633077e-04
  9.7328018e-05
  1.2788722e-05
  3.0015357e-04
  6.2112034e-05
 -1.1638325e-04
 -1.8714550e-04
 -1.0003745e-04
 -1.7509951e-04
  1.5600994e-05
  1.5292976e-04
 -8.3446044e-05
  3.5328753e-06
 -1.0322858e-05
 -1.1266140e-04
  1.5822233e-04
  2.5482688e-04
  2.0976801e-04
  2.1496991e-04
  4.0762554e-04
 -2.3273342e-04
 -2.4100299e-01
 -8.2361281e-01
  3.5858342e-01
  4.1902140e-01
  3.9932950e-04
  4.7134270e-04
 -4.9270566e-05
  1.8616310e-01
  1.9584874e-04
 -2.5753447e-04
 -3.3991807e-04
  9.3331313e-01
  4.3512750e-03
 -9.4411662e-05
 -1.8213478e-04
  1.6705599e-01
  1.7362645e-01
  1.8260034e-02
  7.2574294e-05
  2.5646202e-04
  1.3946898e-05
 -2.6817751e-04
  4.7597954e-05
 -1.0986988e-04
 -2.4070559e-04
  2.4709789e-04
  9.5200267e-05
  8.7851867e-02
  3.6812172e-04
  4.0529561e-04
 -7.2905466e-05
  2.2200686e-06
  1.3192045e-04
  2.9308020e-04
 -7.0005401e-05
  1.0206758e-04
 -2.3930836e-05
  3.0542535e-05
  9.7218115e-05
 -1.2043424e-05
  1.5209850e-04
  2.5373450e-04
 -1.2356308e-04
 -1.8901874e-04
  4.6871210e-04
  7.3678195e-05
 -1.8114586e-04
 -4.0521691e-04
  1.4012937e-04
 -1.6220505e-04
  9.9645986e-05
  1.6122770e-04
  5.2230131e-05
  3.3685027e-04
 -9.4953389e-04
  2.1243724e-05
 -3.3763670e-05
 -2.1020121e-06
  1.4697836e-04
 -1.8602962e-04
 -2.1336308e-04
 -1.5145128e-04
 -1.6216762e-04
  3.0890445e-04
  2.7093865e-04
 -1.3426447e-04
  2.2972390e-06
  2.9520362e-04
  1.6675645e-04
 -1.8742634e-04
  6.4838008e-05
  1.1867642e-04
 -4.6439446e-04
 -2.2984906e-04
 -1.0270484e-04
  6.4037849e-05
 -2.2798101e-04
  2.4461263e-04
  7.8096688e-05
  6.1386163e-05
  2.9984655e-04
  1.6275213e-05
  1.0000760e-04
  2.5466931e-04
  1.2393363e-04
  1.6747095e-04
 -1.0659252e-04
 -9.1687172e-05
 -1.3593242e-04
  1.5812211e-04
  1.4664640e-05
 -8.1572984e-04
 -1.5051782e-04
 -1.8523290e-04
  4.9894309e-04
 -4.9199756e-05
  5.3993328e-05
  1.2603660e-04
 -2.5818497e-04
 -2.4097896e-04
  9.6148317e-05
  2.0745696e-05
 -4.6283960e-05
 -1.9549913e-04
  3.0448317e-04
  8.6874177e-05
 -3.6008601e-05
 -4.8824726e-04
 -4.5131193e-04
 -8.3612338e-07
  4.9616781e-05
  8.2609826e-05
  1.1032082e-04
 -8.3404630e-05
 -6.2988506e-04
 -9.0276721e-05
  1.0025829e-04
  1.3818190e-04
  1.4011616e-04
  6.0515009e-05
  1.6656978e-04
 -8.7301880e-05
 -8.1535858e-05
  3.2846289e-04
  2.1757481e-04
  5.3107310e-06
 -1.0239823e-05
  1.0971626e-05
  2.2655605e-04
 -3.4447538e-04
 -2.3402822e-04
  1.6053708e-04
 -2.3299761e-04
 -1.0001942e-04
  1.8890225e-04
  2.5936370e-04
 -4.9486520e-05
 -1.9230571e-05
 -1.5998616e-05
  3.2651736e-04
  8.1453152e-05
  1.1585363e-04
 -4.6881290e-05
  5.4952492e-05
  8.8036142e-04
  2.7087526e-04
 -6.6417400e-05
 -9.5976589e-05
 -9.6288924e-05
 -2.1245947e-05
  1.2300523e-04
  6.6442944e-06
 -1.3666227e-04
  2.4797046e-04
  3.5033768e-04
  8.9672554e-05
  3.9844461e-05
  2.4372627e-04
  1.6090338e-05
 -3.6862509e-06
  1.8304656e-04
 -1.0741587e-04
 -6.4408147e-07
 -1.9314974e-04
 -1.3857271e-04
  2.1126791e-04
 -5.8519037e-04
  2.7769688e-04
  1.4169847e-04
  1.0139388e-04
  2.4607839e-04
 -9.6111919e-04
 -2.1090718e-04
 -2.2168542e-04
  6.2833824e-06
 -1.8067495e-04
 -4.1306095e-05
 -1.3627745e-04
  2.1482738e-04
 -1.9620269e-05
 -3.5719888e-04
 -2.3481110e-03
  1.8844469e-01
  4.1395542e-01
  5.3196476e-04
  1.0528060e-04
 -6.7290945e-05
 -6.8156311e-05
 -7.3890685e-04
 -4.1118008e-05
 -2.5736695e-04
 -1.1724822e-04
 -3.2139392e-04
 -2.8689986e-04
  1.7804130e-04
  8.3500013e-04
  4.9172860e-04
 -2.1170272e-04
  1.3626927e-06
 -1.2280871e-04
  1.4171180e-04
 -1.6555357e-03
 -1.5476838e-04
 -3.9259053e-04
 -1.6004929e-05
 -7.6793913e-05
 -8.1756207e-06
  6.2069658e-02
  1.2984198e-03
  1.6614837e-04
 -1.5310463e-01
 -1.9374564e+00
  5.1855320e-01
  2.5532329e-01
  7.1531987e-01
 -4.9447721e-01
 -4.6457878e-01
  8.6228293e-01
  5.6076452e-02
 -2.2617716e-01
  5.7762277e-01
  5.8600372e-01
  1.0540189e+00
 -6.4188907e-06
  1.5126329e-04
 -2.6515660e-01
  1.9994332e+00
  5.6007600e-01
  8.7363517e-01
  1.3563643e-01
 -3.5834289e-03
  1.2879663e+00
  5.4211515e-01
  3.9754629e-01
  9.5458230e-04
 -4.6377280e-01
  2.3389605e-01
  7.3878127e-01
  1.1787574e-04
  3.1012733e-05
  1.9908625e-04
  7.3088471e-05
  7.3782729e-05
  3.3575579e-04
 -4.1262462e-04
  1.5533500e-04
 -2.5672585e-04
 -2.6321186e-06
 -8.6160879e-05
  4.0496023e-05
  2.5652832e-04
 -4.4536819e-06
 -2.6178926e-05
 -2.4609621e-05
 -8.5366875e-05
  4.7227112e-04
 -1.8174936e-05
 -1.6786081e-04
  1.4686826e-04
 -4.1954301e-04
 -2.2622344e-05
  1.6308430e-04
  1.0999249e-04
 -6.4291270e-04
  2.2184913e-04
  1.6398684e-04
 -9.3297749e-05
  3.8481358e-04
  1.3409770e-04
 -1.1752389e-04
  5.7196561e-02
 -1.2478176e-04
  3.5277531e-01
 -9.4113237e-01
 -4.0293692e-04
  1.3287101e-05
 -8.6210464e-05
  5.5348020e-05
 -1.9186000e-04
 -1.0243194e-04
 -1.0019491e-04
 -1.3548949e-04
 -2.4170157e-01
 -1.8813570e-04
 -1.4473047e-04
  1.6863714e-04
 -1.4109024e-03
 -1.6223437e-04
 -9.6883356e-05
 -5.7723338e-04
  1.9055500e-05
 -3.6659584e-04
  5.8275531e-05
 -4.1890165e-04
 -1.3908064e-04
 -6.8790941e-06
  3.9731429e-05
 -1.1949357e-04
 -7.3275389e-04
  8.9549256e-05
 -7.0288824e-04
 -5.0660878e-05
  9.4479816e-05
 -2.2049114e-04
 -6.3090520e-05
  2.3205801e-04
 -5.9806702e-05
 -2.6626170e-05
 -4.7824735e-05
  2.2112139e-04
  1.3073337e-04
 -4.9430522e-04
  2.2994025e-04
  3.4569315e-05
  7.2644270e-06
  3.2554186e-04
  6.4290332e-05
 -7.9174068e-05
 -3.6238355e-04
  1.5020887e-04
  1.5651828e-04
  4.4480177e-05
 -3.1541527e-04
  4.4377815e-04
 -1.2432302e-05
 -1.1679040e-04
  1.0073627e-04
 -2.7981328e-05
  3.4854002e-05
 -2.6839282e-04
  1.4224810e-06
  2.6859902e-03
 -1.7459262e-02
 -2.2147015e-02
  8.1317715e-02
 -6.2809838e-04
  3.8279573e-04
  5.6774827e-04
  6.1262886e-05
  1.8095432e-05
  3.7334423e-04
  7.8625277e-02
  4.9036688e-01
  2.2481634e-04
  2.4862365e-01
 -6.3029904e-05
  2.4079459e-02
  1.0456385e-02
  4.2347820e-05
  1.8546835e-04
 -3.6129061e-04
 -4.6476693e-05
 -2.4069208e-05
  1.2753522e-03
  8.1162638e-04
 -3.0826172e-04
  1.4870797e-04
 -2.5596537e-04
  1.2095443e-04
 -7.4246549e-05
  1.4348483e-01
  6.0842925e-05
  4.8468605e-01
  6.4885490e-02
  5.9923233e-05
  1.9683912e-04
 -4.5841050e-04
 -9.8150653e-05
 -5.0432223e-04
 -5.8182552e-05
 -1.0367880e-03
 -4.1885057e-04
 -4.9951773e-02
 -1.1967922e-03
 -2.6159603e-04
  4.9292936e-04
 -1.5477817e-04
 -3.3864554e-02
  9.8698678e-05
 -2.6139076e-04
  1.5171758e-04
  4.5867804e-05
 -8.6383325e-06
 -2.4134431e-04
 -2.1225279e-04
  2.5621517e-05
  1.2739882e-04
  3.6567150e-04
 -2.7031926e-04
  5.0812432e-05
 -4.3787081e-06
  4.2877960e-05
 -6.0471764e-05
  7.0468173e-05
  3.9554911e-04
  1.7578765e-04
 -2.7183240e-05
 -7.1204769e-05
  4.6185327e-05
 -7.0200040e-05
  3.7521304e-04
  6.9432915e-04
 -5.0511568e-05
  7.4574455e-05
  6.1250234e-05
  9.6415919e-05
 -1.2596147e-05
  3.5421301e-05
  3.0388913e-04
  4.0681716e-06
 -1.6804051e-04
  2.2358014e-05
 -3.5735115e-04
  4.4340632e-04
  4.4675289e-06
 -9.8956647e-05
  1.5021673e-04
  5.5177725e-04
 -1.2915360e-04
 -5.6745490e-04
  2.1885639e-02
  5.1785216e-02
 -8.4717110e-02
  5.3243414e-02
  1.4856861e+00
 -9.9061581e-04
 -1.7670983e-01
 -1.1795963e-03
 -1.0226554e-01
  9.1770635e-04
  2.5401765e-01
  1.0104334e-01
  1.8250190e+00
  1.1724913e-04
 -2.3249055e-04
 -3.4689237e-04
 -1.3517709e-01
 -6.7271745e-01
 -9.2369646e-02
  2.1476141e-04
 -7.2385628e-05
  1.4608249e-04
  1.2672450e-04
 -6.4580023e-02
 -2.5610564e-07
  1.6140524e-05
 -1.6010291e-04
  1.9931994e-01
  3.3513803e-05
 -3.2739023e-05
 -1.4706037e-05
  1.1903066e-05
  1.6187358e-04
 -1.3431380e-04
  7.9533762e-05
 -1.6639616e-04
 -1.5112826e-03
  1.2052237e-04
 -1.0622166e-04
 -3.3312303e-06
 -3.5627375e-04
  1.3941110e-05
  1.7754706e-04
  3.6316582e-05
  4.1110095e-05
 -4.2908490e-05
  3.2503522e-04
  1.2481003e-04
 -3.4449896e-04
  6.8945235e-05
  5.8314436e-05
  2.6364316e-04
 -5.4926658e-04
 -3.7262577e-04
  3.2614707e-04
  2.2899108e-05
 -1.7143371e-04
 -5.9089121e-05
 -6.7063695e-05
  1.4393582e-04
 -2.8273063e-05
  1.7027892e-04
  1.5986286e-04
 -2.2261763e-06
  2.7575310e-05
 -8.7801032e-05
 -8.9964458e-05
  5.1942799e-05
 -1.9162803e-04
  1.7612877e-04
 -1.4657641e-04
  1.8739364e-04
  8.8335773e-06
  1.6835007e-04
  1.6318720e-04
 -9.7381380e-05
 -1.9837220e-05
  1.8714766e-04
 -1.6700265e-04
  1.0560351e-04
  5.7101894e-05
  1.4211930e-04
 -9.3377130e-05
  5.1643787e-05
  3.0140567e-04
  2.6823551e-04
 -4.6863369e-04
 -9.5501855e-05
 -4.7204554e-05
  5.4820412e-05
 -2.0324852e-01
  1.9630550e-01
 -5.4685384e-01
  5.5222446e-01
  4.6879444e-02
 -3.6396759e-05
  3.2411772e-04
  9.8623574e-02
  1.9577870e-04
 -1.5170465e-04
  4.4859722e-04
 -4.5036271e-05
 -1.6631401e-04
  1.9572645e-04
  1.1978022e-04
 -4.0437789e-03
  3.9051185e-04
  5.0627787e-05
  1.1487828e-04
  8.2632300e-04
 -3.8423156e-04
  3.7537298e-05
 -4.7607774e-01
 -4.5795601e-05
  1.5107909e-04
 -9.1724831e-04
  8.4978201e-05
 -7.7182479e-04
  2.3699974e-06
  7.5769989e-05
 -9.3263618e-05
  1.3593203e-04
 -7.1710710e-05
  2.6939335e-05
  2.5935922e-04
  1.6557292e-06
 -3.3713502e-05
 -2.1078232e-04
  8.3475599e-05
 -1.3123584e-04
 -7.0507405e-05
 -1.6892795e-04
 -2.2952900e-04
 -5.7582726e-04
 -2.8939719e-06
  1.7587851e-04
 -1.7938300e-04
 -2.2162121e-05
 -1.2290273e-04
 -1.6732303e-04
  4.8768601e-05
 -1.0719704e-04
 -1.2365618e-04
 -1.4634493e-04
  4.9256101e-05
 -1.5700721e-04
 -1.5819946e-04
 -3.8034261e-05
  4.8856364e-05
 -4.6919791e-05
  3.9863268e-01
  1.6892728e+00
 -3.4589893e-01
 -1.0167569e+00
 -1.1174330e-02
  1.4609183e+00
  2.0254828e-01
  2.4843189e-01
 -7.9032838e-01
  2.3969761e-04
  1.9910747e-01
 -2.7993280e-01
 -1.4638216e+00
 -4.2938438e-01
  5.2739624e-02
 -2.0135403e-01
 -8.1098244e-02
 -4.8499951e-01
 -1.7834488e-04
  6.8300307e-02
 -9.9931456e-02
 -3.3139682e-01
 -9.4233811e-01
  1.5813982e-04
  5.9935056e-02
 -7.4971456e-04
  7.0257905e-05
 -2.2864286e-04
  1.3011019e-04
  1.8446866e-05
 -5.5028585e-04
  1.0398944e-04
  1.2104323e-04
 -1.4387909e-04
  2.3986204e-04
 -7.5494616e-05
  3.8618984e-04
 -1.9984534e-04
 -1.5972457e-04
 -1.8042054e-05
  5.5815573e-05
 -2.6991009e-05
  4.4325676e-05
  8.2869738e-05
  1.5748048e-04
  5.9474605e-05
  3.3180276e-04
 -4.3431757e-04
  3.3707947e-05
 -7.2574956e-05
  2.1464264e-05
 -2.6880670e-04
  3.1659138e-04
  6.0491118e-05
  4.4270419e-05
  3.2623178e-05
 -1.4521097e-04
 -1.8137835e-04
 -8.4246992e-04
 -1.1022592e-04
 -9.0221260e-03
  3.7128781e-03
 -1.8489557e-06
 -5.7653719e-01
 -1.6398558e-04
 -7.6322729e-05
 -1.4682719e-04
  2.5058805e-04
  1.1782865e-03
 -1.0225182e-04
  6.7881316e-05
  1.1624364e-03
  9.4323412e-05
 -5.5325183e-04
  4.3678694e-04
  2.4817587e-05
  1.4389901e-05
  5.6134928e-02
  1.2027349e-04
  1.8639793e-04
 -5.8493497e-05
  5.8957463e-04
  4.0520972e-04
  1.2472968e-04
  5.3382467e-04
 -3.6406647e-05
  1.3187363e-05
 -4.1494615e-05
 -3.7578773e-04
 -9.4791467e-06
  2.3834792e-01
  1.7751794e-02
  4.4481701e-01
 -7.8913319e-01
  5.8114314e-05
  2.7180908e-05
  7.0507187e-05
 -1.7001170e-04
  2.2598627e-01
 -3.8256414e-05
  9.7685149e-03
 -1.4026789e-01
 -5.5599123e-01
  1.1211669e-03
  3.3024070e-04
 -1.9047131e-04
  3.9613391e-05
  1.0267480e-01
 -7.1956434e-05
  2.2948130e-03
 -1.1000641e-03
  3.6495968e-04
  3.3240231e-05
 -6.5601332e-04
  2.5835820e-04
 -2.9313291e-04
  2.3574152e-05
 -1.9861709e-01
 -1.2870757e-04
 -1.7018296e-04
  7.0917056e-05
 -1.6947351e-05
  5.5670086e-04
  6.8175075e-05
 -1.4705540e-04
  1.0235186e-04
 -1.6528982e-04
  7.6676859e-04
  2.9956384e-04
 -9.8658820e-05
  1.9996963e-04
 -1.3024548e-04
 -1.2032598e-04
 -4.7462432e-05
  7.9384481e-05
 -4.0638953e-04
  7.5773598e-05
 -2.2727596e-04
 -8.4299019e-05
  1.2990406e-04
  1.2177476e-04
  2.2822818e-04
 -2.5480571e-05
  5.0446118e-07
  5.0691146e-06
 -7.2641837e-05
  1.0609501e-04
 -1.2724731e-05
 -4.4583834e-05
 -1.0061316e-04
  1.9952776e-04
 -2.6722186e-05
 -1.0601067e-05
 -1.2551378e-04
 -7.4321055e-05
  2.4444182e-04
 -3.7831243e-05
 -1.5101733e-04
  1.4027920e-04
 -2.6325378e-04
  2.0806176e-04
 -2.0020836e-04
 -1.2002620e-04
  1.4227770e-04
  2.0551369e-04
 -1.9107991e-05
  1.4383030e-04
 -2.0710146e-04
 -3.7997850e-04
  1.2274501e-03
  1.2718960e-04
 -2.2159645e-04
  1.2080213e-04
  1.8109171e-05
  3.6286219e-04
  1.6920856e-04
 -6.5565699e-05
  9.1620183e-05
 -5.1579677e-04
 -2.3500179e-04
  4.6786708e-01
  6.2303239e-01
  1.0253421e+00
  7.0327008e-01
  2.2428036e-02
 -5.6186836e-05
  3.1907931e-02
  2.2257364e-01
  9.5258719e-01
 -2.4685425e-01
  6.8025029e-01
  9.4556078e-02
 -3.7991664e-01
  1.0210667e+00
  3.8839334e-01
 -3.6609441e-01
 -1.7226432e-02
  5.9492344e-01
  1.0079035e+00
  1.9130790e-01
 -4.1382965e-03
  5.2406430e-01
  4.3832892e-01
  5.3281021e-01
  1.9612119e-01
 -6.2448490e-02
  9.3905637e-03
 -1.1654826e-01
 -1.3342769e-01
 -1.9212943e-04
 -2.3853937e-04
 -5.9377763e-04
 -1.7811047e-04
 -3.5742793e-05
 -3.3299497e-05
  1.6908279e-04
 -4.0244304e-05
 -3.0528325e-05
  8.0581871e-05
  7.0259463e-05
  1.7352968e-04
 -1.5388727e-04
 -4.0503163e-04
  5.4243308e-05
 -2.9829334e-04
  5.0131679e-05
 -3.6729750e-04
 -1.2357076e-04
 -5.3440477e-04
  2.6008714e-04
 -5.3169875e-05
 -1.1567956e-04
  9.1026792e-05
  3.0385249e-04
 -3.4863951e-05
 -3.8249987e-06
 -1.9115454e-04
  2.9004808e-04
 -2.8609085e-05
 -9.5989846e-05
 -1.3956445e-04
 -9.7941789e-05
  2.2801738e-05
 -1.5626926e-04
 -2.6856736e-05
  1.0735774e-04
  1.2411755e-04
  1.2936411e-04
  4.2621698e-04
  4.3156622e-05
  2.7265543e-05
  3.0054053e-04
 -3.9614024e-05
 -7.8780802e-05
 -2.6375323e-04
 -5.5218976e-07
 -2.4160552e-04
 -3.6279114e-05
 -1.1008580e-04
  8.8118693e-05
 -3.6626629e-04
 -5.4977663e-06
 -3.6249527e-05
 -1.1939424e-04
 -3.3165197e-05
  9.1076239e-05
  3.1439360e-04
 -1.1860528e-04
 -9.4282892e-05
 -1.1983107e-04
  1.8306807e-04
  2.7117907e-04
  7.5673917e-05
  1.3738971e-04
  8.7476874e-05
 -1.0221249e-04
  1.6465420e-06
 -2.1959613e-04
 -6.0583796e-05
  3.5662967e-04
  9.0265974e-05
  2.0297553e-04
  3.3439923e-05
  1.2828993e-04
  6.8086279e-05
  1.2419139e-04
 -1.2893075e-04
  1.1829495e-05
 -5.1329855e-04
 -1.1896012e-05
  1.5726157e-05
 -2.7109220e-04
 -4.9327547e-05
  2.3893261e-04
 -7.0298309e-05
  2.0274674e-04
 -4.5524925e-04
 -1.6150926e-04
  3.6963631e-04
  1.9316735e-04
 -2.2508009e-01
 -6.4581786e-03
  1.4189568e-02
  4.9253145e-01
  7.6895401e-02
 -4.9731043e-05
 -5.9986470e-04
  7.7442616e-02
 -3.2875073e-04
  4.4406625e-05
 -2.5996624e-03
 -5.9237327e-02
  1.9767153e-01
 -2.1448669e-04
 -2.6980203e-04
  1.1126148e-04
 -6.7541478e-05
  4.7728741e-01
  8.8443150e-05
 -1.2019937e-01
  2.1278716e-04
 -7.0918008e-04
 -2.7844899e-03
 -9.3688667e-03
 -2.1941685e-03
  9.1479201e-04
 -1.7297344e-04
  2.4352583e-01
 -5.6460987e-05
  1.1905983e-04
 -1.7344642e-04
  1.7389262e-04
 -8.1516788e-05
 -3.0153466e-05
 -8.6941924e-05
  7.7122217e-04
  1.1850731e-04
  2.3433780e-04
 -4.7573156e-04
  2.2242674e-04
  1.1879869e-04
 -4.8462820e-04
 -3.3732020e-05
 -5.5640816e-05
  1.0005801e-05
  3.0307707e-04
 -4.0703988e-05
  1.9845048e-04
  6.0968385e-05
 -1.5264521e-04
  2.8070141e-05
 -2.6380614e-04
  7.0523238e-05
 -1.4116082e-04
  6.4205633e-05
  2.6517391e-04
 -2.2618422e-04
  6.1987579e-05
  3.9380880e-05
 -2.7448492e-05
 -1.0338309e-04
 -8.0420497e-05
  7.8501675e-05
  1.8105302e-04
 -2.6914415e-05
 -6.9738016e-05
 -4.6972695e-04
  2.6269877e-04
  1.8776662e-04
  1.2766258e-04
  1.6216045e-04
  3.1831907e-04
  1.8005632e-04
 -3.1223203e-04
  1.0775570e-04
  2.5173704e-04
 -3.7623019e-04
  1.3987935e-04
  1.8465496e-04
 -9.9143603e-05
 -2.2700118e-04
 -1.4547758e-04
  3.2635443e-04
 -2.5361287e-05
 -1.5559362e-04
  3.2952026e-05
 -1.6472586e-04
 -4.9177424e-07
 -1.3199270e-04
 -2.3276923e-04
 -2.3793998e-01
  9.6056692e-04
  4.7511339e-02
  2.2042269e-01
  1.8148521e-01
 -1.9708155e-04
  1.6338578e-05
  3.2837217e-04
  2.0182338e-04
 -2.6377373e-05
  7.9785782e-04
  4.1133057e-02
  5.2935749e-01
  4.7730741e-01
  1.2790451e-04
 -1.2837814e-03
 -4.6512522e-04
  2.8067040e-01
  1.6925621e-04
  3.9452853e-04
 -4.1163631e-04
 -5.0435301e-06
 -2.0018686e-04
  8.2617516e-05
  2.9142859e-04
  1.7775509e-04
  1.5925143e-04
 -1.9418573e-04
 -3.4986532e-04
  1.5547193e-04
  4.2890376e-04
  1.3802455e-04
 -6.5206668e-06
 -1.7227666e-04
  7.9606558e-05
  3.2366824e-04
  2.1933259e-04
  1.5532206e-04
  2.0161577e-05
 -4.4346998e-05
  8.7115215e-05
  8.3127874e-05
  1.7250035e-04
 -1.1974465e-05
 -3.3924548e-04
  2.0052082e-04
  1.5071059e-04
 -2.0728073e-04
 -8.8523175e-06
  8.6776105e-05
  1.5214822e-04
  2.7304125e-04
 -2.1378917e-04
  2.5769101e-05
  5.7911564e-04
  1.0755942e-04
 -1.9870906e-05
 -4.4430028e-05
  3.0519746e-04
 -1.3229272e-05
  1.2004874e+00
  2.6058522e-01
 -5.5185895e-02
 -6.0318217e-02
  3.8869791e-03
  5.4464602e-01
  1.6443267e-01
 -4.2530301e-05
  1.5452965e-01
 -6.9105297e-02
  1.6081298e-02
  1.7794400e-02
 -5.9377048e-02
  2.9901189e-01
  7.6799601e-02
 -2.3835707e-01
  7.0983902e-02
 -9.7265262e-03
  3.3577907e-01
  2.7104384e-01
 -6.3164227e-02
 -1.3032324e-04
 -8.0623850e-02
  3.3271515e-01
  6.3744932e-02
 -5.3082933e-03
 -9.1034162e-05
 -2.6137811e-01
 -1.4374465e-01
  2.2690163e-04
 -4.8948947e-05
  1.7032694e-04
  1.0313024e-04
 -1.2665383e-04
 -2.3400366e-04
  2.1551352e-05
  1.3327264e-04
 -5.6289059e-06
 -2.6466139e-04
 -1.2155218e-04
  2.4041842e-04
  2.0149240e-04
 -2.1332399e-04
  3.0999733e-04
 -1.9770885e-05
 -4.5347551e-05
  1.7492256e-04
 -1.3878845e-04
  1.1705292e-04
 -4.4859604e-05
  8.6606989e-05
 -3.4239204e-04
  4.1579362e-04
  2.8922275e-04
  2.1606903e-04
  1.8992143e-04
 -3.6392237e-05
  1.6525618e-04
 -3.1129850e-05
  6.9954789e-05
 -1.4290379e-01
  1.6690597e-02
  1.1190082e-03
 -1.3721199e-01
  2.3780617e-01
  3.3303852e-05
  2.8013783e-02
  1.2438747e-01
  2.8800149e-03
 -8.3159938e-02
  2.2641622e-01
  2.1020269e-01
  5.2383994e-03
  2.7092064e-02
  4.3970104e-02
 -1.9158067e-01
  1.5722215e-02
  1.4174859e-01
  2.0741827e-04
  2.7523920e-01
 -5.5506956e-02
  1.7263977e-01
  3.1908832e-02
  2.0360470e-01
  1.4618763e-01
 -1.7780404e-01
 -1.5487477e-04
 -2.2015686e-01
 -2.2454521e-02
  8.0132500e-05
 -9.3169047e-06
  6.1413802e-02
 -4.6224357e-03
  6.9059305e-02
  1.8677915e-02
  1.4822975e-04
 -7.9889797e-02
 -5.2005540e-05
 -1.5961486e-03
  1.4599591e-01
 -2.8261745e-01
 -1.1586586e-01
  1.8480483e-02
 -4.4374196e-03
 -1.0464269e-01
  1.0054319e-01
  2.1092306e-01
 -4.7648999e-01
 -4.9631755e-05
 -3.2173696e-01
  6.0724903e-02
 -9.3948163e-02
 -3.4078605e-02
 -2.3324068e-01
 -2.0764510e-01
  2.5318277e-01
 -3.9652520e-04
  7.1171254e-02
  4.1718557e-02
  1.8872517e-04
  1.2017556e-04
 -9.8078917e-06
 -4.7058752e-04
 -3.2662312e-04
  2.3546771e-04
 -1.8494866e-04
 -3.3101234e-05
 -5.8590922e-05
  1.1901564e-04
  7.0078677e-05
 -1.0598332e-04
  4.6266432e-05
  1.5633844e-04
  2.0862800e-04
  3.1490350e-04
 -3.2090416e-04
 -2.5324285e-04
 -1.1260699e-04
 -4.2204987e-04
 -4.8855825e-05
  7.4676645e-05
  5.8711023e-05
 -2.6894489e-04
  2.3004002e-04
 -1.5196804e-04
  3.8257515e-04
  2.4037178e-04
  1.1975088e-05
  1.4426238e-04
  1.0735029e-04
 -6.9428408e-01
  5.3219660e-03
  2.8823870e-01
 -1.7911823e-01
  5.1291358e-01
 -3.1727977e-04
  2.4073962e-02
  1.7578562e-01
 -1.1713567e-02
 -1.5177572e-01
  1.5235181e-01
  5.9943225e-02
  1.5505219e-01
  5.7526581e-02
  1.6245025e-01
 -3.1285474e-01
 -2.2074305e-01
 -2.3729220e-01
 -1.1494988e-02
  4.4479853e-01
 -3.2429535e-02
  2.1625866e-01
 -7.1288764e-02
  2.4697219e-01
  2.5834417e-01
 -2.0768009e-01
 -4.3561120e-02
 -3.6307085e-01
 -5.5566173e-02
 -6.3057458e-05
  3.3417957e-05
  3.1413941e-04
  1.6414849e-03
 -1.2643954e-04
  1.9372058e-04
 -5.4331660e-05
  1.2836163e-05
 -9.4341376e-05
 -3.4507058e-05
  3.6437478e-04
  4.0083069e-01
  8.7976650e-06
  5.1413896e-04
  2.3739430e-04
  1.2856515e-04
 -2.9743582e-04
  3.1444823e-04
  1.8273835e+00
  2.6076997e-04
 -7.8016043e-01
  1.2135571e-04
  9.9700403e-05
  6.8219444e-05
 -3.5581598e-04
  5.4669827e-01
  2.0203370e-04
  2.2548011e-04
  4.9967354e-04
 -3.0926043e-05
 -3.0348876e-01
 -1.9333867e-05
  8.0677259e-05
 -1.4510922e-01
 -7.8071287e-05
  2.0237091e-04
  1.6641362e+00
  7.6973316e-05
 -7.7761244e-05
 -1.8630762e-04
 -2.9892632e-01
  6.2522005e-05
  8.0965308e-04
  1.1354558e-02
 -2.3633002e-03
  8.9242958e-02
  3.3428365e-05
 -1.4893648e-03
 -1.6034143e-02
 -8.2437160e-05
 -1.7282888e-01
  3.9032451e-04
  2.2162189e-04
  8.3446020e-01
  5.9073558e-04
  5.7514470e-05
  3.9040155e-05
  1.2686156e-01
 -6.0556114e-05
  1.7761989e-04
 -4.5921121e-04
 -3.9103481e-01
  2.8302497e-04
 -1.6492465e-06
 -9.6334501e-05
 -2.8843135e-06
 -1.2837934e-04
 -4.0627056e-01
  9.3823701e-01
  3.9976545e-05
 -2.3156106e-01
 -4.6406600e-05
  3.4977925e-01
 -3.3367240e-01
 -1.7827484e-05
 -4.7276813e-01
  4.3020807e-02
 -8.8108340e-05
  3.0528292e-01
 -1.3872821e-05
  1.3798118e+00
 -5.8345078e-05
  3.3726838e-01
  3.8476190e-01
 -2.0375711e-04
 -4.8005176e-04
  1.9278524e+00
 -1.2196228e-04
 -2.0630487e-05
  6.7414634e-02
 -8.3215255e-01
 -2.7412298e-04
  3.9900107e-05
  2.7435249e-01
 -1.8044979e-04
  1.2243426e+00
 -5.6558813e-04
  8.2046092e-01
 -9.3904901e-01
 -5.9534179e-04
  1.1460329e+00
 -3.1821424e-01
  1.2575421e+00
 -9.7906959e-05
  5.9890330e-01
 -4.4976182e-02
  3.2780099e-01
  2.7214265e-01
  4.2656087e-03
 -3.4065059e-04
  1.0013052e+00
 -1.9911101e-01
 -1.4322370e-04
  1.3217615e-04
  1.4860301e-01
  1.0997018e+00
  5.4389689e-02
  6.2068623e-01
  2.1500361e-01
 -2.7964639e-05
  7.8129965e-01
 -6.7449221e-04
  2.0140137e-01
 -9.8920464e-05
  4.9506776e-02
  4.3767950e-01
 -6.2687973e-06
 -1.7438667e-03
  1.7233910e-04
  1.2236704e-05
 -2.5456962e-01
  1.1036464e-05
 -1.2044753e-05
  1.8516532e-05
  6.4036045e-05
  2.9072035e-04
  8.7650922e-05
  1.1742901e-04
  5.2442215e-06
 -1.4140391e-04
  1.4437929e-04
 -1.0588005e-04
 -1.1278196e-04
  5.0236398e-05
 -1.1216375e-04
  7.8519071e-05
 -1.2380633e-04
  2.4859684e-05
  9.7329328e-05
  3.8730519e-05
 -1.4809580e-06
 -3.2389660e-06
 -1.7145590e-04
  3.1937780e-05
 -1.8480709e-05
 -1.5409894e-05
  1.1291719e-04
  6.8629415e-05
 -4.6329147e-05
 -2.7454749e-04
 -2.9100859e-04
  1.4393125e-05
 -5.3868084e-06
  1.8077972e-05
  1.3980272e-05
 -1.7579870e-05
  3.5157154e-06
  2.1089456e-04
 -3.5133620e-05
 -8.0578793e-06
  1.2380902e-04
 -2.4428828e-05
 -8.4974336e-06
  1.2559931e-04
  6.2538405e-05
  2.9804612e-05
  4.4061097e-05
  1.6840528e-04
  7.3280804e-05
 -1.2082542e-04
 -3.9609527e-05
  2.0511296e-04
 -1.5554326e-05
 -5.0056467e-05
  1.0505028e-04
  1.0092872e-04
  1.0823670e-06
  6.2516058e-04
 -3.6228052e-05
  1.7110311e-04
  7.1845261e-06
  1.5319413e+00
 -7.7789955e-02
  3.8470844e-05
 -1.2087298e-01
  5.8095801e-01
  2.4075162e-01
  2.7556045e-03
  1.3552976e-04
 -4.6750873e-05
  1.1353155e-03
 -2.1187131e-01
 -2.7698594e-05
  2.4095034e-04
 -3.6051366e-04
  1.2139577e-05
  1.8499279e-02
 -4.5755976e-05
  2.1315766e-03
  1.6641230e-05
  6.0423999e-04
 -1.0545447e-01
 -3.8700571e-07
 -1.9659703e-04
 -1.3991905e-04
  4.2656649e-04
 -3.0049882e-04
 -5.9955320e-05
 -2.0844457e-04
 -5.2511306e-05
 -3.1769916e-05
 -3.3226445e-01
 -3.5593066e-01
 -8.3737512e-05
 -1.4399593e-03
 -1.5329212e-03
 -3.4028210e-02
  4.0862047e-05
  5.5211771e-05
  9.9987283e-02
 -1.1895572e-04
  1.4514446e-01
 -6.0678885e-06
 -1.5885424e-03
 -1.5746173e-01
  1.8909281e-05
 -1.4024004e-04
 -2.0917135e-04
 -1.2765529e-04
  1.2687086e-01
 -4.2122905e-04
  1.2109426e-01
 -4.4717235e-04
  6.7104585e-05
  5.6274705e-05
 -2.3845090e-04
  6.2180252e-04
  5.4800345e-05
  8.0402046e-05
 -1.0849658e-04
  1.6214637e-04
 -5.8967830e-03
  3.5362002e-02
 -1.9997982e-05
 -1.2346239e-04
  3.6823603e-03
  5.2613679e-05
  6.5387547e-05
 -1.0113187e-04
 -1.2767762e-02
  1.0077490e-04
 -7.9439590e-03
  2.9126430e-05
  9.4764335e-05
  8.8948585e-02
  8.7137720e-05
 -1.3864550e-04
  2.2452461e-04
 -2.3732495e-05
  3.1933781e-05
 -1.4658055e-05
 -3.6131028e-02
  7.7592167e-06
  3.4582066e-05
  6.0283513e-05
  9.2100614e-05
  1.8433242e-06
 -9.4619070e-05
 -6.2928346e-05
 -7.7578094e-05
 -1.0039631e-04
  1.8492121e-05
 -6.2077321e-05
  1.1458214e-04
 -1.7771115e-05
 -1.1446315e-04
 -1.2150866e-05
 -2.0155679e-04
 -3.5809502e-05
  6.8409725e-05
  8.7236818e-05
  4.2532796e-05
  5.0546743e-05
  8.8356144e-05
  1.4342967e-04
 -4.4933986e-05
  3.8030552e-07
 -1.2264893e-04
  2.1663369e-05
  9.0986272e-05
 -9.2755887e-05
  2.8741606e-05
  1.0528198e-04
  1.1202984e-05
  2.2270091e-04
 -4.2744541e-05
  1.4016568e-04
  1.9294013e-04
  1.2752632e-04
 -7.3788688e-05
 -1.6154269e-04
  8.3575964e-01
 -2.6480511e-01
 -3.2829790e-04
  1.0405472e-04
  1.2276651e-01
  2.0747240e-05
 -6.0644521e-05
 -1.9671553e-04
  1.2574612e-01
 -1.2135117e-04
  7.9949838e-05
  2.8505738e-04
  5.8142716e-05
 -5.0979845e-02
 -2.7548651e-06
  3.1906173e-05
 -1.6226362e-04
 -1.1993317e-04
  1.7171659e-04
 -1.1416563e-04
  1.7501009e-04
 -1.2335491e-04
 -7.1859497e-05
  1.7540119e-04
 -1.3620932e-05
  1.4206847e-04
  6.5858942e-05
 -2.7391451e-04
 -2.3296780e-05
  1.3868794e-04
 -2.7532795e-02
  7.9764135e-02
 -1.9566782e-04
 -1.9029560e-05
 -9.9996673e-03
  7.3870426e-05
  3.2205647e-04
  6.5398793e-04
 -1.6401699e-02
 -1.0160128e-04
 -1.9126657e-01
 -2.0309749e-04
  2.6781170e-04
  2.0572449e-01
  2.3924011e-05
  1.1192610e-04
  1.8765181e-04
 -1.0173587e-05
 -1.6740527e-02
  1.2154397e-05
 -6.5640040e-02
  1.3147644e-04
  1.1660874e-04
  3.4972210e-05
  4.4784902e-05
 -1.5748742e-04
 -1.1631789e-04
 -6.8764784e-06
 -2.5292884e-06
 -4.4784669e-05
 -1.1916608e-04
 -7.0232411e-05
  2.2664710e-04
  1.3171867e-04
 -8.2314953e-05
  1.5881115e-04
  6.3952073e-05
 -3.6613859e-05
  1.7750230e-04
 -1.8586862e-04
  3.6153439e-02
  1.5015990e-04
  2.0449622e-04
 -5.7733971e-05
  4.4765522e-05
 -1.0644998e-05
 -3.2951293e-04
 -2.8958415e-05
 -1.0396821e-04
 -2.3702446e-04
  5.3511958e-06
  1.4649867e-04
 -2.0743758e-04
 -2.2611224e-05
 -2.7168053e-04
  8.6754015e-05
  4.9770842e-05
 -7.2251998e-05
 -4.4991233e-04
 -2.8706469e-05
 -8.7859196e-05
 -1.8913232e-05
 -3.4391598e-04
  8.4418418e-05
 -1.0411251e-05
 -6.2751627e-05
 -2.8590117e-05
  2.9607290e-05
  1.6371282e-04
  5.5421819e-04
  6.8442656e-05
  8.9808373e-06
  2.3231176e-05
  1.6746999e-04
  1.0880391e-04
  1.4129606e-04
  9.3116352e-05
 -8.2699727e-05
  1.9020346e-04
 -1.1905918e-04
  2.7848480e-04
  8.8701592e-05
  1.2489635e-05
 -5.3144369e-05
  2.1923481e-05
 -1.6891969e-05
  1.5143708e-04
  6.9176531e-05
 -5.9899059e-05
 -2.7232780e-05
  1.0147415e-05
 -6.2477164e-05
 -9.7520613e-05
  2.0388943e-04
  1.7374152e-05
 -2.9893572e-04
 -1.0425069e-04
 -9.0445785e-05
  4.2729237e-04
 -2.2830743e-04
  5.9243281e-05
 -1.3893690e-04
  1.1221052e-04
  3.8573446e-04
  9.9791054e-05
 -2.1472134e-04
  2.2387772e-05
 -2.5920051e-05
  4.0102304e-06
 -1.3860040e-04
  1.3676047e-04
  1.9777533e-05
  1.4143801e-04
  3.8109883e-04
 -6.0026334e-05
  1.2493468e-05
  3.2944678e-05
  1.3015488e-04
  8.9443174e-06
  9.5877649e-06
  2.1750355e-01
  2.7506575e-01
  9.0675858e-05
  1.7835058e-07
  1.0313155e-03
  3.6886367e-01
 -1.0563476e-04
  7.7349425e-04
 -8.8024750e-02
  2.8637057e-02
 -3.8398468e-01
  9.0627196e-05
  6.8160228e-04
  2.1287443e-01
  9.2595974e-06
  1.1556258e-03
  1.4664691e-04
  4.3766499e-02
 -4.3672226e-02
  5.8325339e-02
 -2.8414887e-01
  3.5827115e-04
 -2.8959010e-04
 -1.2401326e-04
  4.1982692e-02
 -1.6002896e-03
 -3.3947421e-05
 -4.0491291e-06
  4.3198550e-05
 -5.3861045e-04
 -2.6338189e-04
 -1.1061133e-04
 -1.5602712e-04
 -3.7198554e-06
 -2.0535891e-04
  2.5966108e-05
 -2.7771830e-05
 -4.0025343e-06
  3.6531666e-05
 -9.1984235e-05
 -1.2293246e-04
 -1.0495698e-04
  1.7101622e-04
  2.9296722e-05
  2.6992982e-06
  2.4866798e-05
  1.5590143e-04
 -6.4852284e-05
  8.5654247e-05
  5.2607578e-05
  3.1736610e-05
  6.1883089e-05
 -4.8134032e-05
  1.3067583e-04
 -1.0439757e-04
  2.2213337e-04
  4.7785692e-05
  2.1767100e-04
 -6.8670925e-05
 -3.2129730e-04
  2.0991080e-05
  1.1004911e-04
  4.6611317e-06
 -1.1573500e-04
  1.6122952e-04
  1.2189628e-05
  3.2367749e-05
  7.8592777e-05
  6.6370507e-05
 -7.7163379e-05
  1.4129154e-04
 -2.4081501e-05
 -1.7692049e-05
 -7.0435606e-05
 -1.2379220e-04
 -5.4015294e-05
 -4.4873750e-06
  4.8542752e-05
 -3.9924751e-04
  7.0528777e-06
  1.4433849e-06
  1.3049857e-05
 -7.2182133e-06
 -3.9740557e-05
 -3.5437723e-05
 -6.2759027e-05
  8.1325947e-05
  2.1701691e-05
 -5.1247858e-05
  2.5777065e-04
 -1.2006690e-04
  1.4270902e-01
  2.1149448e-04
  6.4232860e-05
  1.0179023e-04
  4.0256269e-02
  8.5757703e-05
  3.0191391e-04
 -9.9692424e-04
  7.0425835e-05
  1.1109226e-05
 -2.0399639e-04
  7.1815361e-04
  3.4581521e-04
 -5.9886563e-05
  1.4549618e-05
  9.8270248e-05
  2.7875896e-04
  3.7302470e-05
  3.9317677e-04
 -4.5139829e-04
 -1.0608604e-04
 -1.1631129e-04
 -1.7885207e-04
  2.8740964e-04
 -1.3405537e-04
 -3.6854188e-05
  4.6428457e-05
 -7.3142757e-05
 -2.3492995e-04
 -4.9708120e-05
 -1.5908070e-05
 -6.0663948e-05
 -1.3541443e-04
  3.0686853e-05
 -7.6141027e-05
  2.2216900e-05
 -1.0385564e-04
  2.0657935e-06
  1.2312247e-04
  2.6305908e-05
  1.0478304e-04
 -2.4140165e-04
  8.7085828e-05
 -8.9223759e-05
 -2.6671047e-04
  8.7813460e-05
 -4.4932876e-05
  1.8829254e-05
  9.8060860e-05
  4.9462502e-05
 -2.4954413e-04
  9.0717607e-05
 -1.5678213e-04
  1.0157566e-05
  5.6161080e-05
  1.1543633e-04
  5.7766702e-05
 -2.1030911e-04
  1.4929890e-04
  2.3852181e-07
 -8.3200488e-05
  1.9584128e-04
 -8.3974744e-05
  7.5222400e-05
 -6.5395994e-05
 -1.6210416e-04
  1.1704260e-04
 -4.1117312e-07
 -7.9664795e-05
  2.1658083e-04
 -3.9446521e-05
 -1.3913475e-04
  2.2928401e-04
  8.4539293e-05
 -2.4484356e-05
 -1.0159869e-04
 -5.8845180e-05
 -4.5597545e-04
  1.8233016e-04
  7.2621951e-05
 -7.7903198e-05
  9.9290446e-05
  2.9605759e-05
 -2.1865196e-06
 -2.9188188e-05
  1.9506618e-04
  7.4220952e-05
 -1.1194989e-04
  8.8024208e-05
 -9.9041194e-02
 -2.5308145e-05
 -1.9737885e-04
  3.6533023e-04
 -3.1263803e-04
 -7.1224240e-05
 -1.5137565e-05
  2.7287146e-04
  6.8229660e-05
 -5.7814235e-05
  1.4170128e-04
 -4.0823397e-05
  6.7202396e-05
  1.1126735e-04
 -1.4790388e-04
  6.8167516e-05
 -7.9129495e-06
  6.6482047e-05
  3.2292683e-05
  6.2042702e-05
 -2.7622482e-05
 -9.5886520e-05
  2.0950802e-05
  2.5949010e-04
 -3.0461062e-05
 -1.2117608e-04
 -1.8455526e-04
 -3.0670832e-05
 -4.3862670e-05
 -1.0816727e-04
 -5.4249629e-02
 -2.0575009e-01
 -3.8096475e-04
 -3.6885703e-01
 -5.9467602e-01
 -1.5381746e-01
 -5.4397457e-03
 -6.9136971e-05
  3.7661120e-02
 -3.6632509e-03
  8.8063821e-02
  6.3081639e-04
 -5.8164358e-05
 -1.9936003e-01
 -5.1004350e-05
  1.3543259e-05
 -2.2828212e-05
 -3.5443311e-03
  1.3479060e-02
 -3.0918294e-04
  1.9652501e-01
 -1.0151735e-07
 -2.1977223e-05
  1.2697507e-05
 -4.0546674e-03
  2.2257090e-04
 -2.1022415e-05
  3.8977219e-06
 -4.6599358e-05
 -2.0806543e-05
  2.2733165e-01
  9.0013659e-01
 -4.7460489e-05
  2.2737768e-01
 -1.9595452e-01
  1.2015041e-01
 -9.3478366e-06
  6.5725204e-04
 -9.1839090e-02
  4.7866616e-02
 -2.9102445e-01
  3.1660256e-05
  3.7231527e-02
  2.3291020e-01
 -6.8911992e-05
  1.2245904e-04
  1.4406568e-04
  5.9657212e-02
 -7.0679225e-02
  3.8901597e-02
 -2.9445177e-01
  1.8432151e-04
 -4.7578217e-04
  1.4842946e-06
  5.9356466e-02
 -2.9450229e-03
 -3.5212452e-05
  1.6066476e-04
  6.4775777e-05
 -2.7174543e-04
 -6.4132887e-06
 -2.8859254e-04
  1.1140604e-04
  8.7240143e-05
 -1.0534293e-04
 -2.1180919e-04
  1.2722517e-05
  2.4809569e-05
  2.2756620e-04
  4.7881869e-05
 -7.6003336e-05
 -1.8225187e-06
  1.7400840e-04
 -3.2668191e-04
 -6.7787179e-05
 -7.1425899e-04
 -2.6157844e-05
  2.3996223e-05
  1.3558686e-04
  1.6745209e-04
  1.4169033e-04
 -6.5835346e-05
  3.6945323e-05
 -1.3543433e-04
  9.7173033e-05
  2.9578530e-05
  5.4895223e-05
  8.1091981e-05
  1.1295185e-04
  5.7960438e-06
 -1.0308436e-01
 -2.1363629e-01
 -2.4813186e-05
 -7.6437871e-05
 -8.1345317e-04
 -5.7614170e-02
  3.3229084e-05
 -4.8628048e-04
  2.2088518e-02
  3.5626260e-06
  1.4878619e-01
  1.7045670e-04
 -2.0172123e-05
 -5.3623099e-02
  1.5050353e-05
  1.7220722e-04
 -3.8011614e-04
 -9.3581286e-05
  2.2776909e-05
 -6.8509491e-04
  9.2495345e-02
  8.0340171e-05
  8.0422244e-05
  9.2642520e-05
 -4.0470436e-06
  2.3663756e-04
  3.7724807e-04
 -1.2880507e-04
  1.9847488e-04
  5.8372349e-05
 -1.9801750e-04
 -1.3943871e-04
  8.1633094e-05
 -6.3082101e-05
 -1.7585437e-04
  1.2151167e-04
 -1.2473070e-05
 -4.8174611e-06
  1.8471525e-04
 -9.1759874e-05
 -2.8992999e-05
  5.2479325e-05
  5.5470984e-05
  4.7248988e-05
 -5.6789402e-05
  9.1414200e-05
 -5.7931931e-05
 -2.5248973e-04
 -5.7448633e-05
 -3.1455969e-05
 -3.2823635e-05
  2.4823798e-04
 -2.1015279e-04
  2.6601652e-05
 -5.9512986e-05
  1.8354696e-04
 -8.0563004e-05
  1.8031689e-04
 -1.0920652e-05
 -8.3045183e-05
 -7.4898276e-06
  1.7570908e-05
  1.1652937e-04
 -1.1023637e-04
 -5.4333732e-06
  6.4679014e-05
  6.2176339e-05
  1.9951789e-04
 -5.9621849e-05
  1.3623098e-04
 -2.7948698e-05
  5.1771913e-05
  1.1511839e-05
  4.4198841e-05
  1.2468586e-04
 -1.4496868e-04
  2.4717616e-05
  3.3765798e-05
  7.0913877e-05
 -1.7332477e-05
 -1.3214309e-05
  3.2020562e-05
 -2.0405827e-05
 -2.5748916e-05
 -2.8386630e-05
  3.3501743e-05
  6.8289519e-05
  5.9886963e-05
 -9.3990020e-06
  7.4809956e-05
  3.7138616e-05
  1.9673584e-04
  1.2181414e-04
  5.2149939e-08
  1.0918762e-04
  1.9775408e-04
  1.5370824e-05
  1.4042667e-04
 -4.4719840e-05
 -2.9504052e-04
  2.5394925e-07
 -8.2016481e-07
 -1.0607494e-04
  8.9164001e-05
 -2.5998449e-04
  2.7631046e-05
  2.1251850e-05
  1.5995631e-04
 -8.7838052e-06
 -1.5814642e-04
  7.2675548e-06
 -6.6494344e-05
  9.4535462e-06
 -2.2858138e-05
  1.8348088e-05
 -3.4314180e-05
  1.9945235e-04
  9.4602314e-05
  2.6265555e-04
 -1.2420118e-04
  2.3064498e-04
 -2.3857463e-04
 -2.9698918e-05
 -1.7586276e-04
  3.7407819e-05
 -7.5922166e-05
  1.3360647e-04
  3.3686458e-04
  2.4867343e-04
  2.2696919e-04
 -7.3915595e-05
 -2.5234726e-04
 -3.1813546e-05
 -1.7995117e-05
  1.4348168e-04
  8.3868727e-05
  1.7268417e-04
 -1.2751322e-04
 -5.7354354e-04
  5.1116360e-05
  1.4053981e-04
  1.3212661e-05
 -6.7050823e-06
  1.5533745e-04
  1.1368143e-05
  5.2305841e-05
 -1.0782506e-04
 -2.5112613e-05
 -7.1265888e-05
  3.2213353e-05
  6.6348130e-01
 -3.9467564e-01
 -1.8340832e-05
 -2.4901879e-01
  2.4537168e-01
 -1.7303813e-02
  1.5275800e-04
 -9.1004616e-04
  4.0769023e-01
 -5.0561592e-02
  2.5430608e-01
  2.2744322e-02
 -8.2272306e-02
 -4.0450940e-01
 -2.6670512e-04
  4.2833269e-01
  7.4278601e-06
 -1.4229795e-02
  2.5640839e-01
 -2.8125903e-02
  2.2536045e-01
 -4.2534586e-02
  1.5805737e-04
 -3.3566161e-04
 -7.1659125e-02
  5.0610073e-02
  4.8964345e-03
  1.6684916e-04
  7.1778763e-05
 -1.6340365e-04
 -5.1663542e-06
 -1.4984525e-04
 -7.0428963e-05
  2.4815567e-04
 -8.7726679e-05
 -4.3712815e-05
 -3.3423974e-05
  2.4914936e-05
 -2.5204665e-05
  2.9292947e-04
  5.0765451e-05
  5.3579195e-05
  8.8266155e-05
  2.9921296e-04
  7.6423705e-05
  3.4436198e-05
  1.7983473e-05
 -2.0687352e-04
  8.5217005e-05
 -2.5076143e-04
  1.7082249e-04
  2.9813609e-05
  3.5430163e-05
  1.8377953e-04
  6.2354043e-06
 -1.1480153e-05
 -4.4643119e-05
  1.5049269e-04
 -2.3949206e-05
  2.3511257e-05
  2.5239775e-01
  2.8683212e-01
 -2.0260339e-05
  9.3938187e-02
  2.1982306e-01
  9.4601855e-05
 -4.0039693e-05
  1.0117578e-04
 -1.4431792e-01
  3.9632945e-05
 -6.0369238e-02
 -1.5657613e-04
  3.7727535e-03
  2.9335465e-02
  9.9370200e-06
  3.8589316e-04
  5.7912152e-05
 -3.2585816e-05
  7.7874749e-05
  1.9193830e-03
 -8.0793284e-02
  9.3634400e-05
  2.2049215e-05
 -2.2238059e-05
  9.3117189e-05
 -5.4957109e-06
 -8.3057748e-05
  1.5262554e-04
 -2.1947963e-04
 -2.4040901e-05
 -2.1770463e-04
  8.6223408e-05
  1.0953650e-04
  4.5668185e-05
  1.4329965e-04
  6.7838287e-06
  7.3258685e-05
 -1.0281029e-05
  2.5328647e-04
  9.0565489e-05
  6.9547682e-06
 -1.8158021e-06
 -5.8313250e-05
 -8.9403860e-05
 -9.4779367e-05
 -5.2408395e-06
 -3.0271965e-05
  3.5860685e-05
 -2.0370760e-04
 -2.3023272e-04
 -5.6066452e-05
  5.8153390e-05
  1.1680358e-04
  8.5169355e-05
  8.8629131e-05
  4.7433339e-05
 -1.1237491e-05
  1.1758524e-05
  2.8096223e-05
 -3.9966570e-05
 -1.8996996e-05
  5.4415803e-05
 -6.2251413e-05
 -7.4755022e-05
  1.1391688e-04
 -1.4558081e-05
 -5.4393728e-05
 -3.1317772e-06
  2.0500533e-04
 -5.7600973e-05
 -1.3692579e-05
  4.3976168e-05
  4.5360028e-07
 -2.3800983e-04
  1.2302040e-03
  2.5957573e-04
 -2.9462853e-05
  6.4685041e-06
 -3.6167847e-05
  1.4270336e-04
  1.1228058e-05
  2.5887235e-05
 -9.7016404e-05
  2.0397779e-04
 -5.4409908e-04
  1.4920382e-05
  1.1364202e-04
 -3.0145842e-05
  6.4015941e-05
 -1.5270567e-04
 -2.9463568e-01
 -2.9339280e-02
  1.3989928e-04
  2.4223886e-05
 -6.7289599e-04
 -1.5974534e-04
  9.5264615e-05
 -9.1196685e-05
  9.7436786e-02
  9.3775023e-05
  4.9884886e-02
  4.4353459e-05
 -3.8503011e-05
 -2.6581305e-04
  2.2526649e-04
  2.0936550e-05
 -3.1555472e-05
 -2.9840731e-04
  1.6307977e-05
 -1.7908556e-04
  1.7715987e-03
  1.1646764e-04
 -8.9331341e-05
 -1.9247011e-05
  4.6799076e-05
 -4.5825745e-05
  3.3648076e-04
 -5.4037369e-05
  2.5304778e-05
 -6.0298386e-05
  6.5263295e-05
 -1.4070580e-05
  4.4166827e-05
 -1.0666427e-05
  8.9246707e-05
  1.4302896e-05
  5.8988291e-05
 -6.0784059e-05
  1.6500398e-03
  8.8598747e-05
  7.0762231e-05
  7.6337283e-06
  8.4151208e-05
  8.8672896e-05
 -4.4558041e-05
  1.5496540e-04
  1.7135169e-05
  1.9786450e-05
 -1.3638286e-04
  1.8909073e-04
  6.8648835e-05
 -1.4840490e-04
  3.0420992e-05
  1.0574528e-04
  1.2708981e-04
  2.5671796e-05
 -1.9012543e-04
 -6.3705054e-05
  3.8077796e-04
 -4.0353596e-05
  1.3508728e-04
  3.2967331e-05
 -1.0759265e-04
 -1.5057676e-05
 -1.8294413e-04
 -6.6819615e-05
 -1.6798973e-04
  1.2933659e-04
 -2.4043804e-04
 -4.2539559e-05
  1.7261988e-05
 -1.6447992e-05
 -1.1918909e-04
 -1.8964874e-06
  1.9992840e-05
 -9.7051179e-06
 -1.1390827e-04
  5.7695386e-05
  7.4900927e-05
  2.0298926e-06
 -2.7932476e-05
 -2.4205534e-05
  3.8279108e-05
 -8.6347711e-05
 -4.1283867e-05
  3.1224066e-05
 -1.1505483e-04
 -8.4813310e-06
 -8.2491526e-05
 -1.7532943e-04
 -1.8725671e-04
 -3.0314366e-04
 -1.7513379e-05
  7.1094510e-05
  8.7885492e-06
  9.3695548e-05
 -7.9901438e-05
  1.6350028e-04
 -5.2974578e-05
 -8.2171740e-05
  7.8757846e-05
  1.7399347e-04
 -1.0124828e-04
  2.2872002e-05
 -1.1678820e-06
  2.0529031e-04
  1.1461334e-04
 -5.9762566e-05
  1.8450691e-04
 -1.9449678e-04
  2.5776044e-05
 -5.6065448e-05
  4.1027703e-05
  5.3043528e-05
  5.7694870e-05
  5.4239332e-05
  1.4522068e-04
 -2.6924303e-05
  3.4307279e-05
 -3.0890043e-04
 -1.8119628e-05
 -6.7479261e-05
 -1.7008076e-04
  4.0867562e-05
  1.9339794e-04
  2.1688580e-04
 -8.4058076e-05
  3.2977224e-04
  1.0481410e-06
  3.7474678e-07
 -5.3474701e-05
  5.0801769e-05
 -8.3081824e-05
 -6.9334645e-05
 -2.2538481e-04
 -1.7119598e-04
  8.5415821e-05
 -8.3231171e-06
 -9.4978815e-05
  2.1977969e-04
  2.7695516e-04
  1.9305667e-04
 -1.1234788e-04
 -1.5899896e-04
  3.3088363e-05
 -2.5192792e-05
 -4.5929442e-05
  8.1804988e-05
  1.1239474e-04
  6.2976128e-06
  6.3001426e-05
  1.0726152e-04
 -1.2057316e-04
  1.5224052e-04
 -9.7956705e-05
 -6.2336971e-05
  2.3113842e-04
  1.4585436e-05
 -5.6750770e-05
 -1.5995725e-05
 -2.7453632e-04
  8.5339001e-05
  3.2830918e-05
  2.4019462e-05
  2.5861055e-04
 -6.3662992e-05
 -8.9455280e-05
  1.0058203e-04
  1.1041896e-04
  1.4188443e-05
 -1.8415551e-05
 -6.0553091e-05
 -5.1123603e-05
  5.1441235e-05
  9.1328802e-05
  3.7093032e-05
 -9.7005453e-04
 -5.2918997e-05
  4.7529375e-06
 -2.3178845e-04
  1.2612742e-05
  3.9739180e-06
 -3.2985082e-04
 -2.5962498e-05
  6.8704314e-05
 -4.2084055e-05
 -1.7411291e-04
 -1.6995307e-04
  1.0588810e-04
  1.6733436e-05
 -2.7390392e-05
 -4.4467091e-05
  5.4202686e-05
  1.3640057e-04
 -1.4000968e-05
  4.2997828e-05
 -4.2326112e-05
 -1.1350551e-06
  6.3142354e-05
 -9.6972435e-05
  7.2454546e-05
  2.1985163e-05
 -6.2385551e-04
 -7.5536402e-05
 -6.0328635e-05
  7.1982184e-05
 -5.3502354e-05
 -5.5516430e-06
  8.7706367e-06
  1.0759997e-04
  2.3360777e-01
 -1.4534990e-01
 -5.5730338e-06
  1.9351732e+00
  1.2559972e+00
  8.2496792e-02
 -4.1367337e-01
 -6.2211204e-01
  3.6697650e-01
 -5.8575886e-01
  6.7279845e-01
 -4.9576277e-01
 -2.4526843e-03
 -6.3757819e-01
 -6.3919538e-01
 -2.0274863e-02
 -4.9029505e-01
 -1.9720787e-01
  4.0233338e-01
 -9.5716470e-01
 -1.0029876e-04
 -4.1415459e-01
  6.6701785e-02
 -3.2216784e-01
 -7.9981053e-01
  6.7780409e-03
  3.5151618e-04
 -1.1544367e-04
  7.9751459e-05
  3.1124529e-01
  7.6124438e-06
  2.2054103e-04
  6.8094349e-05
 -9.8846554e-05
 -1.1450436e-04
 -5.7149042e-05
 -4.0130224e-05
  1.0356086e-04
  5.6132951e-05
  2.1620323e-05
 -1.6159138e-04
 -3.8657690e-05
  1.6102809e-05
  1.4557094e-04
  1.8345811e-05
  5.0879313e-05
  1.0314776e-04
  5.3914981e-05
  5.5962032e-06
 -3.9240440e-05
  2.3130724e-05
  3.5268011e-05
  2.3954948e-05
  7.2304436e-05
  2.6471420e-05
 -1.6282705e-04
 -1.4789765e-04
  6.7273664e-05
 -2.1587683e-04
 -1.5856682e-04
  8.3560362e-06
 -2.6668928e-04
 -4.8865324e-05
 -2.0891785e-05
 -3.9839678e-04
 -8.3316198e-05
 -6.3673351e-06
 -1.0305941e-05
  8.5847583e-05
 -2.6210328e-05
 -1.1156484e-05
  4.2319512e-05
 -1.1915162e-04
  2.4332094e-05
 -1.0674455e-04
  2.2474427e-05
 -6.2793668e-05
  2.2819785e-04
  1.2862645e-04
 -1.0332546e-05
 -4.3064069e-06
  9.6224190e-05
 -7.4016949e-05
  6.6490720e-05
  3.8893384e-05
  1.8132126e-04
  8.4129038e-05
  2.9222796e-05
  1.2016091e-04
  4.6041725e-05
  2.0400479e-05
 -2.4605240e-05
 -1.7209163e-04
 -3.5663568e-05
 -9.7887641e-05
 -3.5090698e-04
  2.5180326e-04
 -3.0007208e-04
  1.7476579e-05
  9.8641875e-05
  1.1783614e-04
 -9.8310636e-08
 -1.8894083e-04
  3.9585389e-05
  1.3833382e-04
 -1.5393450e-04
  2.0331344e-04
  3.1168718e-04
 -6.5245091e-05
  5.7769386e-05
  9.1451348e-06
 -1.1564737e-04
 -1.9929271e-04
 -3.2772063e-04
  3.0964893e-05
  9.6808966e-05
 -1.7331187e-04
 -2.5655923e-05
  4.4201565e-06
 -5.0301602e-05
  1.9021047e-04
  1.8820382e-04
 -9.2504393e-05
 -1.7464110e-05
 -1.9786572e-04
 -9.8462056e-05
 -1.4085132e-04
 -1.8986104e-05
 -9.6356831e-05
  2.9074267e-06
  2.4308361e-05
 -2.3040679e-05
 -1.2453081e-04
  3.7345155e-05
  1.3460001e-04
  9.7440563e-05
 -1.0557173e-04
  3.4206048e-05
  2.0279911e-04
 -1.9829650e-04
  6.3665182e-05
  1.3026914e-04
  5.1396439e-04
 -5.4683784e-05
 -8.1096710e-05
 -5.0453833e-05
 -7.2259762e-05
  2.0117418e-06
  2.4495665e-05
 -1.4732424e-04
  2.3354658e-01
 -8.3538122e-02
  1.0164786e-04
 -2.9957660e-05
  2.0716756e-05
 -3.0256628e-05
 -1.4454547e-05
 -1.5001526e-04
  1.4537414e-02
 -4.4454928e-04
  9.3802512e-03
 -1.8382394e-04
 -2.1645744e-04
 -6.0326166e-02
  3.7039805e-05
 -2.1052125e-04
  8.9495719e-05
 -1.3372851e-04
  3.8300178e-04
 -1.1335099e-03
  2.4297375e-02
 -5.1233353e-04
  3.6566656e-05
  6.5161148e-05
  2.3801862e-05
  2.5786957e-04
 -2.9577315e-05
 -1.2372430e-04
  3.6737994e-05
 -4.5784793e-05
  1.4883069e-04
  4.3602598e-05
 -1.7697017e-05
  3.1563818e-06
 -2.5861530e-04
 -4.1796145e-04
  4.9436934e-05
 -1.7225866e-04
 -1.7874272e-05
 -9.2693175e-05
  1.6433827e-07
  6.6222907e-05
 -7.5449228e-05
 -4.3112286e-05
  3.1741405e-05
  1.6053462e-04
  5.2807187e-05
 -5.8646936e-05
 -6.5760732e-06
  7.4431402e-05
  8.1181410e-05
  1.0258315e-04
 -9.6179281e-07
 -1.4312229e-05
  9.4089832e-05
  2.8689700e-04
 -1.5443309e-05
  7.7611567e-06
  1.2045270e-04
 -1.3100880e-04
 -4.6994913e-01
  4.4353519e-02
 -8.5919542e-05
 -4.5330146e-01
 -2.0432742e+00
 -8.9662177e-03
  7.0987940e-01
  6.4625838e-06
  5.2678102e-01
 -2.6423350e-01
 -1.5479259e-01
  1.1434721e+00
 -4.0442368e-01
 -6.8971509e-01
  3.4271248e-05
  3.7732771e-01
  1.5289645e-01
 -2.8384572e-02
  4.8837206e-01
 -1.8559561e-04
  3.2473511e-01
  2.4390209e-05
  2.5587485e-04
  2.2888707e-03
 -1.2007563e-02
  2.5633714e-01
  2.3818326e-01
  4.9533264e-06
  2.2360984e-02
  6.5975808e-05
 -3.3892960e-05
  6.0683567e-05
 -2.7328249e-04
  1.2100369e-05
  6.6411791e-05
  8.6399465e-05
 -2.0438503e-05
  8.4273241e-05
  2.8885418e-04
  4.5774923e-05
 -2.7380464e-05
 -3.2225482e-05
 -1.0350388e-05
  3.5054800e-05
  2.9258932e-05
  7.7763558e-05
  8.3257582e-05
  1.7262915e-04
 -7.1549457e-06
 -9.5644071e-05
 -7.2079405e-05
 -1.1259838e-04
 -8.3375584e-05
  8.6750788e-06
 -7.2830342e-05
 -5.8633126e-05
 -2.2972923e-05
 -1.4052032e-04
  9.9900688e-05
  1.0176848e-05
  1.1521627e-04
  7.6965916e-05
 -2.4796379e-04
 -1.9928212e-04
 -1.2757821e-04
 -2.4666915e-06
  7.9546022e-05
 -2.9287901e-05
  2.0883415e-05
  3.1492443e-04
 -6.0329297e-05
 -3.9381939e-05
  1.1204874e-04
 -2.3548762e-05
  1.4640034e-05
 -2.3495475e-05
 -8.0802902e-06
  1.1135112e-04
 -2.0141987e-04
 -1.5596517e-04
  7.3703406e-05
  1.6995048e-04
  1.4158167e-04
 -1.6664709e-04
 -2.5945246e-06
 -1.1499172e-05
 -3.0865394e-05
 -1.1606303e-05
  2.7627705e-04
  2.3346178e-05
 -9.2648232e-05
  1.1698554e-04
  2.9811910e-05
  1.2332667e-04
 -5.1111751e-06
  3.4227523e-05
 -1.8045965e-04
  3.5389330e-05
  3.8516955e-05
 -5.9572203e-06
 -2.0116897e-05
  9.5410833e-06
 -8.5478183e-05
  1.4756191e-04
 -2.5909525e-04
 -2.7639777e-05
 -1.1675346e-05
  5.4299529e-05
 -7.7019366e-05
  2.8330865e-04
  2.0050831e-05
  1.3070906e-04
 -4.3673476e-06
  1.6860502e-04
  1.3734133e-04
 -9.1944676e-06
 -1.4230075e-04
 -1.6043807e-05
  4.7601556e-05
  2.8520051e-04
  1.3631297e+00
  1.2284107e-04
  1.0857259e-04
 -1.4999982e+00
  8.0001992e-06
  1.9092167e-05
 -3.2103817e-05
  9.0589550e-05
  2.3346928e-04
 -6.5285647e-05
  1.9760621e-06
  2.4986133e-05
 -1.5464482e-02
 -2.0159864e-04
  7.3266361e-05
 -6.0750539e-05
 -3.3525223e-04
  3.1907381e-05
  1.2166358e-06
 -1.3852166e-04
  8.1882522e-02
  1.2916897e-04
 -1.9320854e-04
  3.5356443e-05
  2.3085834e-04
  1.1228370e-04
  2.6243861e-04
 -7.3858008e-02
 -4.4307253e-06
  2.0393456e-05
 -6.5524095e-05
 -1.7884124e-05
 -2.1401738e-05
 -8.6220076e-05
 -2.2612949e-06
 -2.2574639e-04
 -3.5753369e-04
  1.6076319e-04
 -5.2529736e-05
 -1.2335454e+00
  1.2452340e-06
  5.2143099e-05
  9.1290065e-05
 -1.4009982e-04
  6.5936154e-05
 -1.2636294e-04
  3.6112478e-01
  8.5225503e-05
 -6.6587287e-05
 -2.6090728e-04
  1.9498428e+00
  2.7273827e-05
  2.5719186e-04
  7.1201348e-01
 -5.9429479e-01
  4.6047151e-01
  8.1428276e-05
 -4.4954321e-01
  4.4368595e-01
 -9.6080050e-02
  3.0025170e-04
 -2.1360536e-01
  7.8551877e-01
 -1.2193034e-04
  2.1346528e-04
  3.0066308e-01
 -3.0390043e-05
  3.0634337e-04
  1.4797695e-05
 -7.1953994e-01
  8.6429375e-01
  4.9179860e-05
 -4.9682674e-01
  9.7955795e-05
  9.5711111e-05
 -2.6809543e-05
 -2.8340245e-04
 -1.0202891e+00
 -3.5015427e-04
  5.0996459e-01
 -5.7938259e-06
 -6.3971762e-05
 -3.3871722e-01
 -9.8170121e-06
  1.5564578e-05
 -3.3125820e-04
  5.1514670e-04
  2.1045483e-04
 -1.2930264e-04
 -2.4572234e+00
  3.4515155e-04
 -1.4629666e-04
  1.2207756e-05
  3.6390535e-05
 -4.4362938e-01
 -2.5764917e-04
 -1.6558216e+00
  1.7773098e-04
  1.6997589e-04
  6.1546722e-05
 -5.7609820e-01
 -5.4006499e-01
 -5.7011610e-01
 -5.8292758e-01
 -1.9506948e-01
  5.2800326e-04
 -5.5872846e-05
 -4.6051839e-05
  1.0481111e-04
  1.6109619e-01
 -1.5816867e-01
  7.5452212e-05
 -3.8180772e-02
  1.6761589e-01
 -1.1790839e-01
 -4.9631369e-01
 -7.3802970e-05
  9.0605199e-02
 -5.8976584e-03
 -3.8467452e-01
 -1.0460863e-03
  3.3504620e-01
 -2.8734894e-03
  1.3539374e-03
 -4.4636006e-04
 -1.9249277e-01
 -4.7138414e-01
 -4.0324146e-01
  1.2526431e-05
 -1.2216346e-01
 -2.0664619e-02
 -5.6801671e-01
 -7.7754571e-03
 -9.3966377e-01
 -6.7495319e-05
 -1.3639749e-04
 -6.8810468e-06
  1.9705234e-02
 -1.4874835e-01
 -2.7758625e-01
 -2.6189021e-04
  3.9412630e-01
 -2.8509789e-05
 -9.4910371e-01
 -5.9083501e-05
 -4.1931216e-02
 -1.1260332e+00
 -2.6207132e-05
 -2.9892894e-04
 -9.8087639e-01
 -1.6127180e+00
  1.2747647e-05
 -7.3704147e-01
 -6.2508696e-01
 -1.2894071e+00
  7.5261056e-01
 -5.0385302e-01
 -1.4033174e-04
 -2.4795547e-01
  1.6421147e-01
  2.2631202e-02
  1.5493803e-01
  1.0286875e+00
 -6.4370453e-01
 -3.3463579e-01
 -4.5022857e-01
 -5.9507942e-01
  7.1100247e-01
  7.7845556e-01
  5.9309268e-01
 -3.4399331e-02
  1.5336151e+00
 -6.7117900e-01
 -4.9198997e-01
  1.5300175e+00
  1.2764049e-01
 -2.4455719e-01
 -4.2435077e-01
 -4.3703585e+00
  1.9379275e-01
  4.4897789e-01
  5.7789546e-01
 -2.7999766e-02
 -1.2892284e-02
 -3.4485657e-02
  8.5723114e-01
  3.9212438e-01
  6.0633224e-01
  4.1616729e-01
  3.3893311e-01
  4.4865882e-01
 -1.1094421e+00
  1.6476845e-02
  4.0848038e-01
 -2.6584208e-01
 -8.7016660e-01
 -4.1317191e-02
  8.1924289e-01
  1.1788126e+00
  3.9859322e-01
  4.0810117e-01
  7.4769872e-01
  6.6726089e-01
  8.9820886e-01
  6.0635126e-01
  3.2746446e-01
  7.0283449e-01
  2.1905975e-05
 -2.1477115e-04
  2.5236896e-01
  1.6494544e-02
 -5.4310134e-05
  2.4118558e-06
 -6.4850956e-02
 -3.3207256e-01
  3.9596045e-05
 -1.3074299e-04
  1.0647658e+00
  2.7546364e-01
 -7.9821992e-05
 -5.6386332e-05
 -1.4314112e-03
  2.3222542e-01
 -6.4597458e-05
 -1.4108514e-05
  9.0477906e-02
 -3.5576010e-01
 -8.0566671e-05
 -4.1780331e-05
  4.8196408e-01
  7.0929682e-01
 -1.6612033e-04
 -9.9616445e-05
  1.7239723e-01
  6.7720875e-02
  2.7107135e-05
 -1.4998911e-05
  3.4542870e-02
 -2.1699736e-01
  1.0563595e-04
  5.8351470e-05
  9.3268758e-01
  7.7346846e-02
 -7.3669216e-05
 -3.2916531e-04
  4.8773831e-01
 -2.5098646e-04
  3.1856020e-04
  4.0216106e-05
  1.0925381e-01
  8.0868536e-05
 -4.8480670e-05
  6.3262436e-05
  1.0699707e-01
  6.4842381e-02
 -2.4561724e-04
 -6.4159634e-05
  5.3480661e-01
  9.2969781e-01
 -1.0096494e+00
  8.6391914e-01
  2.1392299e-01
  8.7340903e-03
 -7.5311199e-02
  1.0300068e-04
 -1.4109536e+00
 -2.4454731e-02
  3.4050032e-01
  1.9909737e-01
  9.8769915e-01
  1.1006107e+00
 -9.9338416e-04
  7.9191756e-01
  3.7368226e-01
  1.8665169e-01
 -3.0596077e-01
 -4.8071792e-04
 -5.9423298e-01
 -1.8867938e-01
  3.8007611e-01
  8.3776635e-01
  7.8010637e-01
  5.3314898e-02
 -3.5976660e-01
  2.6463014e-01
  3.4669551e-01
  2.4289837e-01
 -1.0287514e-01
 -1.6036404e-04
 -5.5825806e-01
 -1.8012024e-01
  3.0036747e-02
  9.8720819e-01
  1.3421808e+00
  3.0297246e-02
  5.3390080e-01
  3.3910549e-04
  1.2432536e+00
  3.0025163e-01
  6.1572395e-02
  1.0946514e-01
  3.0259350e-01
  1.1981698e-01
 -1.8028066e-01
  5.5536598e-01
 -8.7104452e-01
  5.3193580e-02
 -4.0539896e-01
  5.2992743e-01
 -4.9565807e-01
 -2.6259267e-01
 -1.6200319e-01
  6.5502477e-01
 -2.3953857e-04
 -2.1457794e-04
 -2.5341353e-01
  1.8437491e-05
 -1.3179172e+00
 -1.8694608e-01
  1.1110498e+00
  7.0856375e-05
  3.6689213e-01
 -4.8606625e-01
 -6.7352211e-01
  5.1550221e-02
 -9.6601151e-02
  6.0620848e-03
 -7.8283364e-01
 -6.3438570e-01
 -4.8517838e-01
 -5.9168476e-01
  1.7034454e+00
  1.0118262e+00
  2.1626037e-01
 -8.6776100e-02
 -1.1432966e+00
  1.7612168e-04
 -7.6501840e-01
  4.8399184e-02
 -8.5670978e-01
 -1.4730312e-02
 -2.9791815e-03
 -9.5284605e-01
  4.4428039e-01
  4.5198187e-01
 -3.3137429e-01
  5.3223652e-01
 -2.2306412e-01
  3.5067476e-02
  9.0242490e-02
 -7.3569533e-03
 -1.1559831e+00
 -5.1428359e-02
  5.5067754e-01
 -5.2420557e-01
 -8.5678977e-01
  1.9896063e-01
  1.9188988e-01
  1.2958935e-01
 -1.9583751e-01
  3.9717549e-01
 -2.9828689e-01
 -7.5298756e-01
 -8.7576938e-01
 -4.5725313e-01
 -1.7437768e-04
  1.1946991e-04
  1.1928829e-04
  1.5898663e-04
 -4.3522754e-01
 -1.4785067e+00
 -7.2304767e-01
 -7.4266207e-01
  2.7504539e-01
 -3.5625872e-01
 -6.2725252e-01
  9.3120344e-02
 -8.4828395e-01
 -1.8135326e+00
 -1.4391787e-01
 -6.1804825e-01
  9.7844265e-02
 -1.5310627e-01
 -8.7542057e-01
  2.6903539e-05
 -5.5983543e-01
 -9.3154930e-02
 -2.1563177e-01
 -1.4533496e-01
 -5.1250315e-01
 -1.1758612e+00
 -4.3865532e-01
 -4.1784754e-04
 -4.3434906e-01
 -7.2834009e-01
 -6.4025663e-02
 -3.3829901e-01
 -1.2293681e-01
 -2.5504676e-01
 -1.1136154e-01
 -2.2739332e-04
 -2.0135722e-01
 -5.2890366e-01
 -6.3053161e-01
 -2.2638766e-01
 -1.2749887e-01
 -4.3673226e-01
 -6.0350078e-01
 -6.8783283e-02
 -9.2654899e-02
 -2.1340053e-01
 -1.2296986e-01
 -2.7300224e-01
 -2.8204665e-02
  1.4352340e+00
  6.5826452e-01
 -1.2374511e+00
  5.5718106e-06
 -5.7147627e-06
  1.6069849e-05
 -5.7727778e-03
 -6.5571539e-02
  8.3605331e-01
  1.5881164e-01
 -3.1731677e-01
  1.9445099e-04
  5.7299286e-01
  5.1742262e-01
 -1.1133735e+00
 -1.1148304e-01
  5.7224423e-04
  5.6839685e-06
 -7.5874514e-06
 -4.1732635e-02
  6.6184178e-02
  5.8639532e-01
 -8.2150000e-01
 -6.7939825e-02
  1.7303857e+00
  2.5870639e-01
 -5.4050314e-01
 -4.4735503e-01
 -4.8158932e-02
  1.5578499e-01
 -1.9589224e-01
  1.2529597e-02
  2.9954901e-01
  3.0916327e-01
 -8.1041932e-01
 -4.7868926e-02
  8.8353974e-01
  3.1969020e-01
 -2.0702645e-01
 -2.0205867e-01
  4.9742898e-01
  1.6545428e-01
 -5.6144232e-01
 -1.2283047e-01
 -5.0837811e-02
  3.3570927e-01
 -6.7636997e-01
 -6.1553898e-03
  7.1429685e-02
  1.5419061e-01
 -1.1916505e-01
  5.8126009e-01
  1.8091881e+00
  2.5199020e-01
  2.9246408e-05
  7.3807460e-05
  1.8443911e-01
 -1.8744470e-04
  9.2112394e-05
  3.3628166e-01
  2.9204661e-01
  4.8642039e-01
  2.8300629e-04
  5.4065073e-01
  7.2007984e-01
  7.7156044e-05
  6.8122106e-05
  9.9665411e-02
 -5.0519615e-01
  3.0848527e-01
  3.1415743e-04
 -4.2054737e-01
  1.0491871e+00
  2.1564075e-01
  2.3437660e-05
  8.0524031e-03
  9.9265200e-01
 -1.2874675e-01
  5.3955341e-04
  3.0781776e-01
  3.6502066e-01
  9.1280234e-01
 -9.6466640e-05
  1.5348742e-02
  1.0415629e+00
 -1.2056238e-01
 -7.1643764e-05
 -1.5545629e-01
  2.9373881e-01
  1.0802720e-01
  1.1430970e-04
  2.6035056e-01
  5.2363452e-02
  2.7296329e-01
  1.7691299e-04
  5.5968237e-01
  3.2314062e-01
 -5.1623079e-05
 -4.7701007e-05
  2.6935646e-01
  4.8833340e-01
 -9.0487907e-04
 -3.1906191e-05
  4.8980200e-01
 -8.1548494e-01
 -2.6396903e-01
  8.8392197e-05
  6.7556661e-01
 -2.7140693e-04
 -6.0310360e-04
 -4.5126941e-02
 -7.2564012e-01
 -1.3789537e+00
 -1.6649421e-01
  8.1300461e-01
  1.3736739e+00
  4.9099815e-01
 -6.5630478e-01
 -1.0243598e+00
  5.6877692e-05
 -6.6526063e-02
 -4.1134086e-01
  1.0141311e+00
 -9.6842831e-01
  3.1954569e-01
 -7.2182870e-01
 -3.1563967e-01
  2.3244078e+00
  3.3081941e-02
 -8.7984495e-02
  5.0520256e-02
 -1.7131618e-04
 -7.6534979e-02
 -4.4650733e-01
 -2.4807645e-05
  7.0643061e-01
 -5.0556015e-02
 -4.9634612e-01
  6.9552541e-02
  1.4410212e+00
  2.6357942e-04
 -4.6913019e-01
 -7.8017339e-02
  1.2614024e+00
  9.2047945e-02
 -8.8776028e-01
  1.9354954e-01
 -6.7390040e-02
  9.3919605e-02
 -7.8989470e-01
 -1.1986197e-02
 -2.4098222e-01
  4.0675897e-02
 -2.3848265e-01
  1.4861663e-01
 -5.0113107e-05
  3.5819530e-01
 -8.0507085e-02
  1.3301765e+00
 -1.0481424e-04
 -1.0623683e-04
  2.0669046e-01
  9.0579174e-02
  2.0885655e-04
  8.9706635e-01
 -4.9364424e-01
  7.4424334e-02
  2.0839414e-04
 -3.4502390e-01
  1.7413905e+00
  7.6342702e-01
  4.0526877e-04
  7.9356575e-01
  3.9958769e-01
  5.2194524e-01
  1.3802717e-04
 -1.2656882e-04
 -4.4387072e-01
 -8.1109065e-05
  2.0594784e-04
  2.3958084e-05
  2.1323118e+00
  3.4801948e-01
  2.4425175e-02
  1.2017307e+00
  3.1276748e-01
  1.1951689e+00
 -3.9758757e-02
 -6.2602484e-01
 -1.2633290e+00
 -2.6248537e-02
  8.8879652e-02
  5.5136913e-01
  4.6806079e-01
  5.6062526e-01
 -2.2032985e-03
  6.8701249e-01
  8.6727560e-01
  6.3198107e-01
  1.9791424e-01
  7.0238998e-04
 -2.2979204e-01
 -7.4187112e-05
 -4.2171583e-02
 -4.0579805e-01
 -1.8455651e-01
 -6.5045737e-05
  3.0480606e-02
  3.0480606e-02
  3.0480606e-02
  3.0480606e-02
  3.0480606e-02
  1.7973500e-01
  1.7973500e-01
  1.7973500e-01
  1.7973500e-01
  1.7973500e-01
  1.0046491e-01
  1.0046491e-01
  1.0046491e-01
  1.0046491e-01
  1.0046491e-01
  4.3554988e-02
  4.3554988e-02
  4.3554988e-02
  4.3554988e-02
  4.3554988e-02
  1.6453858e-02
  1.6453858e-02
  1.6453858e-02
  1.6453858e-02
  1.6453858e-02
  8.4098436e-02
  8.4098436e-02
  8.4098436e-02
  8.4098436e-02
  8.4098436e-02
